-9.319 
-7.440 
-1.474 
-4.530 
-3.145 
-3.270 
-3.826 
-2.058 
-4.493 
-4.882 
2.077 
5.638 
5.231 
0.196 
7.379 
6.060 
0.226 
3.619 
2.612 
6.970 
5.309 
9.660 
7.745 
8.799 
9.357 
9.941 
9.492 
9.400 
7.266 
7.946 
4.980 
6.742 
6.804 
5.575 
7.222 
9.343 
9.136 
10.480 
5.180 
11.220 
10.574 
5.462 
8.867 
12.631 
9.143 
13.306 
10.597 
12.467 
10.327 
14.058 
12.237 
11.907 
7.925 
13.292 
9.926 
16.277 
12.248 
11.420 
12.268 
21.584 
12.228 
14.642 
6.213 
14.384 
21.883 
13.298 
13.524 
23.787 
21.308 
16.417 
19.745 
20.854 
19.295 
17.058 
16.190 
12.809 
23.977 
22.056 
11.865 
14.573 
23.764 
15.321 
17.881 
22.599 
8.932 
19.528 
12.859 
15.001 
28.123 
15.198 
21.566 
17.713 
16.019 
17.028 
18.327 
16.501 
20.810 
18.454 
22.750 
17.890 
18.311 
17.251 
13.576 
13.667 
12.158 
16.776 
16.248 
14.034 
14.989 
17.461 
13.919 
14.739 
18.497 
19.026 
12.226 
14.153 
12.842 
17.928 
11.493 
14.608 
15.980 
19.432 
13.843 
20.069 
14.090 
14.611 
12.143 
24.859 
17.746 
19.805 
12.629 
9.264 
18.373 
10.660 
16.808 
17.423 
16.544 
15.468 
30.370 
17.141 
25.009 
14.673 
16.380 
17.308 
16.095 
12.963 
14.806 
11.991 
18.306 
13.247 
20.266 
13.082 
13.564 
15.649 
17.077 
23.721 
26.620 
24.598 
20.427 
16.446 
17.173 
20.575 
22.489 
16.970 
17.549 
13.425 
11.094 
21.392 
20.949 
14.627 
23.960 
20.469 
20.974 
10.824 
21.899 
14.728 
14.347 
13.719 
15.766 
27.626 
13.419 
23.396 
16.135 
21.010 
20.555 
17.896 
26.839 
27.790 
16.672 
23.107 
21.142 
18.351 
22.979 
16.726 
18.730 
18.004 
25.301 
19.940 
16.436 
17.845 
20.079 
22.724 
22.755 
20.056 
17.045 
14.348 
18.421 
19.726 
20.177 
13.132 
10.893 
21.246 
16.982 
27.995 
15.347 
18.145 
15.293 
14.733 
26.518 
17.958 
18.417 
24.658 
14.269 
15.577 
17.755 
17.111 
20.779 
19.303 
16.531 
23.985 
15.767 
11.863 
22.456 
21.715 
19.546 
17.349 
14.936 
14.405 
9.355 
17.645 
19.866 
20.851 
18.463 
20.797 
19.856 
19.302 
17.660 
17.703 
17.024 
24.755 
12.736 
16.522 
12.164 
20.723 
16.691 
20.354 
14.705 
20.342 
18.327 
23.135 
20.780 
19.476 
22.452 
23.306 
21.920 
19.448 
12.140 
17.449 
20.779 
18.319 
17.599 
15.870 
21.727 
18.137 
16.304 
22.448 
28.133 
11.182 
20.996 
19.245 
15.453 
24.362 
21.966 
18.657 
17.477 
19.671 
27.050 
11.814 
20.882 
22.827 
17.366 
27.035 
11.939 
18.408 
14.266 
24.485 
14.716 
23.018 
27.125 
19.360 
9.248 
22.353 
14.999 
23.209 
14.160 
20.423 
13.419 
18.798 
25.227 
13.859 
11.216 
16.666 
9.891 
23.260 
15.546 
16.668 
19.213 
16.220 
15.256 
14.296 
16.293 
21.471 
20.576 
19.380 
12.750 
21.200 
20.506 
11.525 
22.463 
10.977 
17.495 
16.309 
15.139 
19.184 
20.426 
13.587 
22.468 
15.751 
14.807 
15.051 
13.162 
15.375 
13.663 
19.745 
13.832 
23.240 
12.868 
21.401 
21.247 
13.019 
17.638 
13.233 
14.260 
20.054 
15.327 
16.071 
16.112 
16.165 
14.908 
16.548 
11.986 
14.748 
18.878 
20.259 
15.070 
17.077 
16.714 
20.222 
31.456 
18.451 
18.762 
20.476 
15.297 
15.666 
11.735 
22.065 
17.208 
9.803 
19.165 
13.874 
26.860 
15.800 
14.770 
14.539 
12.332 
19.593 
15.573 
18.485 
18.478 
17.777 
16.294 
12.056 
17.932 
11.800 
16.452 
16.890 
11.745 
18.566 
20.801 
16.373 
15.580 
19.012 
18.145 
14.588 
25.884 
17.018 
15.753 
16.465 
15.276 
15.679 
16.041 
20.335 
18.031 
16.407 
16.034 
10.688 
15.261 
17.169 
15.477 
21.397 
15.891 
18.773 
15.390 
11.131 
21.056 
13.629 
13.471 
11.656 
15.084 
13.016 
18.874 
19.611 
13.413 
19.960 
14.782 
22.268 
17.964 
9.972 
20.617 
21.902 
17.607 
23.010 
18.262 
13.226 
16.148 
17.317 
21.691 
12.690 
14.528 
14.275 
16.612 
16.670 
15.323 
18.288 
10.520 
16.071 
15.695 
15.226 
12.193 
16.439 
12.667 
14.894 
16.261 
16.045 
17.554 
14.848 
18.353 
20.378 
10.553 
14.278 
18.658 
16.823 
9.714 
13.851 
16.014 
7.913 
12.173 
19.761 
16.065 
13.772 
21.202 
18.857 
16.072 
14.330 
14.956 
11.473 
12.429 
14.590 
20.686 
14.142 
13.002 
15.214 
20.130 
13.309 
17.042 
19.575 
12.745 
17.641 
21.761 
-12.109 
-11.346 
-5.446 
-11.185 
-14.612 
-6.854 
-5.752 
-4.718 
-1.172 
2.327 
1.020 
-2.173 
-5.099 
-5.166 
-5.306 
-5.728 
-0.611 
-1.287 
0.907 
1.279 
0.633 
5.066 
6.163 
6.519 
6.764 
5.114 
11.324 
8.223 
8.877 
12.711 
9.593 
11.874 
14.655 
10.279 
9.064 
9.857 
10.000 
11.565 
8.442 
13.191 
12.073 
11.039 
9.954 
11.650 
12.113 
13.334 
11.576 
11.958 
12.051 
7.150 
17.925 
12.319 
9.073 
13.125 
12.122 
13.775 
16.425 
9.834 
10.620 
11.329 
14.662 
11.920 
9.079 
12.568 
17.616 
11.997 
7.534 
15.561 
15.127 
13.696 
10.236 
15.019 
11.900 
11.114 
12.204 
13.968 
15.453 
14.273 
12.002 
22.490 
14.517 
15.392 
16.644 
13.035 
28.268 
15.451 
21.362 
21.540 
20.281 
19.892 
28.679 
19.149 
18.861 
17.501 
18.488 
22.105 
17.380 
24.662 
23.800 
20.401 
13.160 
20.003 
16.284 
21.557 
24.408 
18.134 
26.395 
15.626 
17.891 
21.115 
16.380 
16.229 
18.240 
17.500 
19.601 
19.110 
15.248 
19.821 
24.261 
18.657 
20.469 
19.307 
15.828 
15.793 
16.592 
16.686 
15.697 
21.538 
27.511 
16.649 
16.103 
19.041 
17.220 
15.690 
15.422 
15.114 
26.664 
15.118 
22.411 
30.293 
16.396 
12.778 
20.149 
24.886 
22.440 
20.037 
11.994 
22.548 
18.543 
8.288 
22.121 
17.957 
19.132 
12.927 
20.683 
18.995 
19.730 
20.912 
18.940 
13.963 
18.381 
14.587 
19.264 
21.226 
20.226 
17.470 
23.343 
14.759 
22.615 
21.193 
23.948 
15.619 
25.762 
25.322 
18.328 
17.282 
18.127 
22.607 
35.588 
16.564 
20.371 
27.753 
16.430 
22.975 
30.397 
18.523 
15.181 
14.702 
21.836 
23.761 
14.123 
17.147 
25.819 
26.100 
14.130 
15.724 
22.280 
20.497 
19.171 
17.390 
18.122 
21.276 
20.356 
17.266 
20.282 
15.368 
23.685 
20.474 
14.684 
22.242 
25.203 
17.385 
23.049 
19.031 
17.330 
17.154 
22.520 
21.214 
24.258 
19.918 
18.835 
15.949 
16.354 
18.076 
20.428 
18.191 
20.307 
26.177 
12.856 
14.495 
19.730 
16.775 
24.441 
22.133 
29.252 
18.793 
23.356 
17.705 
23.931 
17.341 
17.536 
16.068 
18.832 
25.265 
25.244 
17.116 
24.426 
16.586 
19.550 
22.390 
17.474 
23.998 
17.655 
14.893 
19.769 
15.566 
12.179 
18.622 
24.123 
14.226 
16.373 
18.550 
20.019 
12.701 
9.627 
16.899 
16.390 
22.225 
28.955 
22.119 
17.504 
20.620 
14.157 
22.624 
21.603 
25.149 
17.217 
19.287 
14.320 
17.551 
18.154 
22.157 
27.367 
18.811 
19.968 
23.939 
21.741 
24.776 
23.871 
16.491 
13.915 
18.804 
10.149 
18.191 
18.580 
25.084 
19.506 
22.883 
18.343 
19.195 
16.983 
12.388 
14.340 
14.337 
16.237 
18.035 
14.643 
16.624 
14.155 
12.098 
13.073 
16.522 
12.911 
15.627 
15.786 
14.587 
16.766 
11.667 
12.719 
18.614 
14.667 
9.229 
13.750 
15.520 
11.282 
18.026 
14.592 
13.644 
11.661 
14.998 
14.083 
21.444 
12.309 
13.490 
15.525 
17.038 
13.429 
16.791 
12.610 
18.722 
18.633 
12.693 
15.390 
16.875 
12.562 
18.261 
13.682 
13.737 
12.651 
13.333 
14.304 
20.225 
13.316 
13.371 
12.977 
14.347 
13.482 
15.287 
16.859 
19.060 
12.804 
15.308 
8.814 
10.498 
12.684 
14.326 
12.315 
13.347 
15.166 
18.995 
13.912 
15.805 
15.775 
11.550 
18.610 
9.252 
13.607 
16.630 
11.296 
13.181 
15.288 
11.429 
10.756 
14.267 
12.172 
15.221 
16.339 
16.496 
12.295 
12.959 
19.922 
11.713 
15.677 
14.097 
13.158 
15.273 
12.118 
11.139 
10.926 
9.901 
11.100 
17.287 
15.563 
14.159 
13.687 
14.123 
12.255 
13.277 
12.507 
11.054 
14.613 
16.151 
16.994 
8.193 
11.690 
13.832 
10.543 
16.960 
8.832 
13.633 
10.769 
11.683 
10.224 
16.245 
10.526 
15.474 
12.342 
12.927 
10.621 
17.475 
10.572 
14.431 
12.588 
13.835 
18.594 
19.956 
18.644 
18.608 
14.626 
7.878 
15.030 
16.100 
14.839 
15.573 
13.143 
14.246 
18.303 
10.312 
12.461 
15.208 
16.024 
9.996 
15.221 
15.210 
18.635 
19.848 
16.654 
12.592 
14.978 
13.306 
17.257 
15.003 
12.449 
15.308 
14.821 
13.000 
14.495 
18.627 
11.391 
14.393 
11.924 
13.451 
13.882 
14.667 
20.986 
15.465 
12.102 
13.712 
10.140 
16.066 
16.054 
17.142 
20.550 
17.948 
9.960 
15.450 
18.932 
13.294 
13.360 
13.005 
15.621 
14.140 
12.889 
11.806 
11.679 
27.467 
16.108 
10.988 
10.816 
-10.571 
-10.490 
-7.360 
-7.654 
-7.287 
-5.593 
-4.160 
-7.510 
-4.832 
-10.384 
-8.069 
-6.013 
-4.486 
3.875 
-1.984 
2.618 
-1.674 
3.816 
-1.054 
1.740 
-0.367 
2.973 
0.911 
3.728 
1.361 
9.545 
5.291 
4.889 
7.211 
11.105 
5.639 
5.499 
3.931 
4.839 
6.118 
6.458 
7.669 
4.095 
7.963 
7.724 
8.450 
7.248 
7.771 
11.423 
8.005 
7.742 
7.422 
7.470 
9.838 
15.101 
11.981 
8.706 
12.521 
9.976 
11.032 
4.787 
11.233 
10.670 
6.255 
11.589 
15.223 
11.634 
8.675 
5.204 
17.677 
11.037 
9.707 
6.917 
13.334 
9.810 
10.635 
8.835 
8.744 
10.855 
8.411 
10.981 
13.329 
7.506 
10.787 
10.266 
11.708 
10.642 
9.166 
4.072 
10.968 
7.703 
17.123 
10.130 
10.644 
7.477 
11.351 
9.352 
9.327 
13.574 
8.854 
13.856 
8.592 
11.106 
10.389 
12.428 
13.005 
9.011 
17.282 
7.549 
10.232 
16.061 
15.543 
9.124 
17.447 
16.580 
12.956 
14.319 
19.804 
15.167 
13.449 
13.288 
18.422 
17.083 
13.480 
16.748 
12.732 
14.070 
16.842 
17.850 
19.185 
28.102 
17.238 
12.921 
16.695 
19.484 
18.330 
22.780 
15.517 
19.540 
14.245 
21.459 
17.449 
25.432 
14.653 
14.845 
14.215 
18.897 
12.674 
20.755 
15.751 
18.099 
18.128 
21.779 
17.637 
25.223 
13.861 
19.489 
17.140 
23.455 
15.205 
20.663 
14.576 
23.299 
20.483 
18.631 
17.088 
18.265 
22.757 
22.850 
16.246 
21.583 
19.607 
20.953 
24.096 
25.801 
30.154 
21.286 
15.420 
15.300 
17.957 
23.281 
19.898 
14.682 
14.445 
19.958 
19.218 
20.521 
23.771 
16.430 
19.143 
26.959 
17.264 
23.175 
14.437 
24.553 
11.966 
21.851 
21.773 
17.727 
15.034 
19.366 
17.267 
17.454 
20.974 
16.547 
31.067 
24.267 
23.558 
12.576 
22.397 
13.399 
22.659 
18.986 
17.172 
16.990 
27.409 
24.271 
21.146 
26.712 
17.403 
19.753 
19.952 
14.223 
21.248 
19.402 
13.847 
20.398 
26.953 
22.666 
17.292 
14.688 
22.192 
15.124 
17.319 
23.807 
19.249 
21.349 
19.605 
25.905 
20.207 
21.656 
22.254 
18.506 
19.566 
22.657 
21.684 
23.995 
12.732 
31.967 
16.317 
18.789 
12.249 
13.310 
24.765 
18.650 
17.178 
24.569 
24.380 
15.290 
24.024 
20.188 
18.748 
26.133 
17.989 
29.134 
19.764 
26.492 
22.926 
13.720 
21.128 
21.582 
25.071 
19.157 
26.367 
15.156 
16.717 
23.061 
19.223 
21.360 
18.028 
26.567 
18.758 
17.144 
19.524 
25.461 
19.175 
20.787 
19.735 
24.933 
16.870 
22.611 
25.197 
16.745 
22.236 
20.732 
18.210 
16.415 
24.086 
17.018 
23.420 
17.594 
23.964 
19.995 
21.490 
17.843 
16.268 
19.073 
18.814 
13.218 
13.391 
12.377 
17.144 
14.537 
12.730 
15.143 
15.430 
14.479 
19.680 
14.232 
11.842 
15.318 
13.763 
13.049 
16.543 
19.476 
13.867 
13.683 
17.789 
18.178 
14.232 
12.194 
10.483 
14.645 
14.123 
16.014 
17.653 
15.867 
12.286 
12.552 
10.495 
19.396 
15.422 
12.609 
13.093 
14.955 
13.828 
11.646 
21.440 
13.233 
11.225 
10.291 
21.016 
13.616 
12.194 
14.038 
8.797 
14.979 
16.810 
15.261 
13.997 
20.866 
14.202 
13.206 
12.771 
14.374 
18.274 
12.647 
18.470 
15.158 
12.141 
12.776 
16.517 
20.777 
13.948 
13.279 
12.802 
12.901 
13.944 
14.973 
13.785 
16.852 
10.466 
13.142 
9.026 
14.352 
10.272 
10.624 
20.233 
12.472 
13.454 
12.060 
16.797 
13.448 
16.622 
13.061 
15.663 
17.762 
14.333 
17.909 
13.711 
10.049 
14.125 
9.789 
12.507 
16.092 
10.421 
14.344 
14.489 
14.889 
11.530 
11.370 
14.235 
15.714 
17.030 
17.635 
10.293 
13.283 
13.984 
14.022 
13.591 
17.979 
12.992 
15.566 
15.671 
12.267 
15.757 
15.896 
15.323 
12.306 
20.185 
9.297 
17.035 
16.743 
13.172 
13.706 
14.475 
11.806 
15.776 
10.518 
12.102 
12.581 
11.184 
13.466 
12.689 
11.417 
11.550 
17.229 
15.386 
13.598 
10.688 
19.613 
12.972 
14.198 
11.157 
16.954 
14.835 
10.349 
11.904 
14.493 
13.316 
11.732 
13.693 
12.908 
14.291 
13.510 
12.117 
18.482 
16.168 
15.490 
16.062 
15.125 
20.282 
20.386 
13.115 
12.204 
14.747 
15.061 
14.972 
14.962 
14.680 
16.149 
16.003 
17.302 
11.439 
12.510 
10.653 
18.733 
12.649 
11.656 
12.512 
8.751 
19.067 
14.652 
14.478 
11.737 
18.286 
19.677 
16.430 
15.977 
15.697 
11.024 
21.309 
19.927 
15.054 
-12.985 
-8.121 
-6.674 
-5.736 
-0.664 
-0.786 
-3.186 
-2.995 
-0.265 
3.852 
7.919 
7.417 
3.648 
2.665 
1.416 
5.312 
11.272 
9.002 
3.989 
7.308 
7.374 
6.023 
7.346 
9.747 
10.566 
12.150 
14.956 
11.512 
8.943 
6.447 
11.603 
9.886 
13.231 
8.835 
12.323 
11.709 
3.622 
11.589 
9.852 
9.407 
11.469 
5.862 
14.427 
11.486 
9.411 
11.024 
13.339 
8.814 
9.752 
13.580 
13.614 
13.160 
15.569 
10.878 
16.780 
10.477 
16.300 
9.888 
20.609 
15.333 
14.608 
16.503 
17.159 
13.732 
21.457 
14.911 
15.301 
16.603 
20.125 
18.058 
13.338 
23.777 
19.875 
27.735 
20.514 
21.863 
17.526 
15.686 
19.432 
20.029 
19.372 
23.701 
19.351 
19.949 
22.606 
17.063 
18.534 
20.214 
18.671 
25.707 
17.583 
29.645 
20.843 
20.846 
21.232 
26.006 
7.722 
14.513 
24.288 
14.908 
20.784 
19.661 
25.032 
23.344 
22.510 
23.007 
17.568 
24.787 
18.650 
19.378 
24.453 
23.392 
15.009 
16.717 
20.326 
18.074 
17.595 
17.637 
15.445 
23.505 
20.302 
17.639 
21.143 
18.939 
16.967 
28.142 
24.871 
20.762 
19.542 
19.986 
26.089 
25.033 
18.990 
18.558 
18.733 
22.234 
20.247 
22.667 
15.647 
22.674 
19.442 
16.510 
17.280 
21.402 
18.074 
24.131 
22.558 
22.789 
17.403 
28.326 
28.767 
21.585 
15.494 
22.026 
17.582 
25.049 
14.866 
21.843 
19.452 
25.282 
28.006 
22.524 
22.507 
18.102 
17.457 
20.073 
20.953 
21.270 
21.910 
14.991 
26.816 
13.728 
14.764 
24.954 
20.040 
18.623 
22.971 
17.598 
33.977 
9.729 
18.489 
19.094 
10.376 
18.589 
25.876 
10.727 
13.657 
15.587 
25.160 
26.289 
25.162 
22.861 
16.210 
22.288 
30.328 
23.473 
20.173 
22.044 
13.789 
16.395 
26.109 
13.915 
21.880 
23.583 
22.139 
30.810 
23.748 
25.620 
13.903 
21.311 
22.572 
15.343 
26.012 
22.723 
16.949 
18.559 
23.489 
14.649 
20.946 
24.339 
21.081 
20.107 
23.651 
20.200 
30.491 
18.031 
21.250 
14.122 
22.428 
24.103 
20.342 
24.244 
26.751 
16.880 
16.704 
21.127 
16.206 
22.808 
17.772 
23.386 
15.191 
21.244 
26.317 
15.186 
13.094 
13.946 
22.067 
27.809 
16.302 
17.431 
26.312 
17.073 
14.781 
16.593 
25.779 
17.773 
17.228 
19.296 
17.528 
30.871 
10.978 
25.431 
14.630 
16.017 
16.144 
16.056 
12.910 
20.817 
15.523 
13.848 
19.001 
21.317 
16.170 
20.922 
15.929 
18.621 
34.756 
27.758 
17.409 
24.650 
19.432 
23.206 
17.281 
21.901 
14.060 
18.090 
23.620 
18.547 
27.101 
15.879 
15.928 
16.170 
18.385 
24.498 
13.283 
22.336 
26.313 
21.931 
19.351 
19.276 
12.737 
12.928 
17.055 
17.973 
14.315 
14.904 
11.443 
14.928 
11.744 
12.701 
15.645 
11.607 
18.133 
11.685 
13.330 
14.935 
16.556 
11.191 
18.821 
12.681 
12.623 
10.317 
16.745 
15.678 
15.719 
9.573 
12.098 
13.760 
8.956 
10.640 
13.019 
10.730 
12.936 
15.126 
14.821 
14.614 
11.831 
19.298 
13.199 
14.310 
13.154 
14.006 
18.719 
17.380 
15.275 
11.082 
14.937 
11.994 
8.730 
15.632 
10.769 
9.726 
10.898 
11.032 
10.964 
16.868 
11.869 
16.934 
20.928 
12.288 
10.684 
21.745 
15.885 
15.063 
12.754 
18.606 
17.558 
11.601 
13.654 
15.505 
16.794 
19.458 
12.448 
20.154 
11.739 
22.713 
12.561 
12.945 
19.547 
14.112 
10.237 
15.405 
9.380 
13.418 
11.632 
13.271 
16.043 
16.588 
23.920 
14.367 
14.613 
12.047 
16.355 
13.149 
14.592 
14.824 
12.455 
15.711 
13.173 
21.795 
13.241 
10.291 
10.504 
14.620 
14.671 
9.469 
20.119 
13.195 
11.400 
15.116 
14.595 
10.510 
10.293 
11.267 
10.258 
16.725 
10.391 
18.353 
18.750 
15.733 
18.146 
14.174 
9.355 
12.483 
14.468 
21.957 
13.546 
9.719 
14.876 
14.772 
11.810 
15.949 
13.574 
11.761 
14.274 
11.181 
17.150 
18.399 
13.444 
11.573 
14.000 
8.745 
16.060 
18.275 
10.455 
17.719 
19.485 
16.263 
17.487 
15.724 
11.852 
12.585 
21.267 
13.276 
15.508 
12.436 
14.092 
16.062 
16.601 
13.664 
15.458 
14.903 
11.311 
10.397 
13.561 
8.649 
14.119 
12.930 
16.117 
14.901 
13.572 
11.856 
19.480 
12.459 
11.205 
15.923 
15.631 
10.373 
14.804 
18.335 
14.571 
16.530 
10.552 
17.174 
13.951 
17.289 
24.497 
11.165 
15.554 
21.094 
14.675 
9.871 
12.981 
10.773 
10.817 
12.239 
12.978 
10.149 
9.240 
